e x y z beamid spotid
-22592 -1.03577 0.554504 -39 0 0
1.0519e+06 -0.348037 0.561766 -39 0 1
-378448 -0.691272 1.15452 -39 0 2
251040 -1.75266 -0.353114 -39 0 3
330640 -1.40219 0.259425 -39 0 4
718992 -1.05356 0.869554 -39 0 5
33760 -0.702792 1.47977 -39 0 6
245632 -1.06043 2.07754 -39 0 7
94176 -0.356273 2.08718 -39 0 8
231936 0.346821 2.09509 -39 0 9
1.4165e+06 -0.717503 -0.969365 -39 0 10
404464 -1.78462 -0.357377 -39 0 11
3.62069e+06 -0.003432 0.278984 -39 0 12
-25744 0.708412 0.284975 -39 0 13
-399248 -0.71461 1.50994 -39 0 14
-727712 -0.360846 2.12973 -39 0 15
323456 0.355623 2.13683 -39 0 16
210608 -1.8275 -1.63818 -39 0 17
757312 -1.09674 -1.63028 -39 0 18
-78704 0.728693 0.294133 -39 0 19
-720640 -0.73054 1.54871 -39 0 20
-3.61035e+06 1.46715 1.56651 -39 0 21
-18480 -1.10285 2.1754 -39 0 22
-16032 -1.48322 -2.30645 -39 0 23
179664 -1.85616 -1.66336 -39 0 24
1.93902e+06 -0.374077 -1.65048 -39 0 25
226064 -1.85587 -0.368266 -39 0 26
286192 -1.11093 -0.36038 -39 0 27
1.33227e+06 -0.369145 -0.354048 -39 0 28
907792 -0.74038 0.287656 -39 0 29
475264 -1.11392 0.92807 -39 0 30
-3.12931e+06 1.4919 1.59253 -39 0 31
-206784 -1.11996 2.21228 -39 0 32
-306576 -2.32343 -1.73798 -39 0 33
-4.72198e+06 0.777439 -1.70555 -39 0 34
-714992 -1.93455 -1.0566 -39 0 35
1.01309e+06 -0.769374 -0.370388 -39 0 36
2.87034e+06 0.00124098 -0.365072 -39 0 37
-1.29458e+06 0.773336 -0.359133 -39 0 38
-1.95858e+06 -0.77049 0.973492 -39 0 39
-372576 -1.16384 1.64022 -39 0 40
608944 -0.384289 1.64724 -39 0 41
796416 -2.0237 -2.16522 -39 0 42
442368 -1.20971 -2.15492 -39 0 43
2.61538e+06 0.000652367 -1.44022 -39 0 44
2.26973e+06 -0.401241 -0.73567 -39 0 45
5.45725e+06 0.402269 -0.732425 -39 0 46
3.87773e+06 0.00398664 -0.0276649 -39 0 47
-1.71696e+06 -0.807187 1.37126 -39 0 48
4.52285e+06 0.814751 1.38523 -39 0 49
936720 1.63234 1.38798 -39 0 50
189904 -0.40398 2.0769 -39 0 51
361744 0.410741 2.08259 -39 0 52
-230400 1.22204 2.08992 -39 0 53
-116512 -1.69157 -2.26038 -39 0 54
3.0755e+06 -0.841959 -2.25264 -39 0 55
2.04507e+06 -0.420104 -1.50948 -39 0 56
1.81912e+06 0.00353081 -0.766413 -39 0 57
750224 -1.27343 1.43516 -39 0 58
861664 -0.418577 1.44071 -39 0 59
1.27064e+06 2.13776 1.45695 -39 0 60
-297984 -0.849446 2.17432 -39 0 61
652272 1.71057 2.19061 -39 0 62
2.03189e+06 -0.864261 -1.93121 -39 0 63
28688 -1.30161 -1.17555 -39 0 64
1.49397e+06 -0.431269 -1.16876 -39 0 65
-829968 1.7588 -0.396431 -39 0 66
1.34821e+06 2.19537 0.36252 -39 0 67
-0 -0.431495 1.85798 -39 0 68
1.63168e+06 -0.901453 -2.01696 -39 0 69
1.59026e+06 -0.448385 -1.22 -39 0 70
124176 1.38198 0.372997 -39 0 71
981120 1.83847 1.16549 -39 0 72
-1.25432e+06 -0.450532 1.94298 -39 0 73
-40272 -0.911158 2.72956 -39 0 74
1.04042e+06 -0.916077 -2.05359 -39 0 75
462416 0.0127918 -0.433907 -39 0 76
-2.98003e+06 0.939908 -0.424551 -39 0 77
-37200 1.875 -0.423752 -39 0 78
97120 -0.454551 0.368392 -39 0 79
706464 1.40864 0.378743 -39 0 80
7440 -0.45884 1.97955 -39 0 81
-517872 -0.92723 2.78111 -39 0 82
315696 -1.391 -2.07341 -39 0 83
1.36234e+06 -0.453332 -2.06631 -39 0 84
198032 1.42448 -2.05716 -39 0 85
198976 1.8919 -1.24116 -39 0 86
822160 0.00863092 1.99619 -39 0 87
1.07245e+06 2.82906 2.0081 -39 0 88
433440 -0.463469 2.80538 -39 0 89
137552 -1.39744 -2.08393 -39 0 90
1.0301e+06 -0.454654 -2.07705 -39 0 91
160048 1.43241 -2.06854 -39 0 92
423040 2.37637 -2.06718 -39 0 93
963424 -1.4017 -0.448995 -39 0 94
-62848 -0.93193 0.369755 -39 0 95
794176 0.00892881 2.00591 -39 0 96
804912 2.84422 2.01725 -39 0 97
228672 -0.465462 2.81969 -39 0 98
-18720 -1.43973 -2.14766 -39 0 99
560864 -0.956753 -1.3009 -39 0 100
595280 2.4468 -0.44518 -39 0 101
1.00418e+06 -1.00047 -2.69635 -39 0 102
638624 -1.51473 -1.81268 -39 0 103
526464 -0.492584 -1.80687 -39 0 104
846784 2.7246 -2.84388 -39 0 105
844400 -2.14228 -1.91922 -39 0 106
341008 2.18142 -1.90408 -39 0 107
67104 -1.60526 -0.979546 -39 0 108
378976 1.63821 -0.966099 -39 0 109
828832 -1.09468 -1.97188 -39 0 110
922432 -1.13034 -2.03599 -39 0 111
1.27141e+06 2.13044 0.213543 -39 1 0
890320 1.82864 0.735401 -39 1 1
1.05643e+06 2.42893 0.734039 -39 1 2
940480 1.56564 -0.311311 -39 1 3
998560 1.87583 0.227813 -39 1 4
1.13008e+06 2.18251 0.761847 -39 1 5
741984 2.18039 1.82508 -39 1 6
1.04651e+06 2.49144 2.36126 -39 1 7
799136 1.28641 -1.93924 -39 1 8
1.25384e+06 1.91689 -1.92908 -39 1 9
1.17595e+06 1.6016 -1.38835 -39 1 10
1.05648e+06 2.22608 -1.38699 -39 1 11
1.08782e+06 1.91007 -0.847485 -39 1 12
1.48166e+06 2.21972 0.779042 -39 1 13
2.3428e+06 0.322892 1.82863 -39 1 14
1.12515e+06 1.31131 -1.96187 -39 1 15
1.22757e+06 1.95051 -1.95325 -39 1 16
1.08976e+06 2.57629 -0.855832 -39 1 17
1.2709e+06 2.2585 -0.304762 -39 1 18
1.39285e+06 2.57658 0.248456 -39 1 19
1.36834e+06 0.331688 1.86286 -39 1 20
1.62786e+06 1.02349 -2.2819 -39 1 21
1.16645e+06 1.67872 -2.27088 -39 1 22
934688 2.32578 -2.272 -39 1 23
752320 0.0356523 -1.73785 -39 1 24
1.1232e+06 2.64596 -1.70993 -39 1 25
1.2552e+06 2.641 -0.584675 -39 1 26
1.19704e+06 2.31604 -0.0213261 -39 1 27
1.2065e+06 2.96458 -0.0204803 -39 1 28
1.23934e+06 2.63935 0.541168 -39 1 29
617488 0.0247416 1.63591 -39 1 30
1.56862e+06 0.697387 1.6381 -39 1 31
467520 0.372203 2.19491 -39 1 32
926368 1.02332 2.19968 -39 1 33
569744 -0.624078 -2.33696 -39 1 34
1.2001e+06 2.02459 -2.30237 -39 1 35
1.26168e+06 2.68889 -2.30367 -39 1 36
1.11608e+06 2.35787 -1.73097 -39 1 37
1.19536e+06 3.02277 -1.7335 -39 1 38
1.29891e+06 2.69139 -1.16061 -39 1 39
1.0929e+06 0.374991 -0.616716 -39 1 40
1.11986e+06 1.0374 -0.610379 -39 1 41
1.23035e+06 3.02468 -0.590004 -39 1 42
654816 0.0456257 -0.0520031 -39 1 43
1.03142e+06 0.707644 -0.0446045 -39 1 44
1.32339e+06 2.69144 -0.0141106 -39 1 45
1.02571e+06 -0.28761 0.524034 -39 1 46
787408 0.375693 0.527755 -39 1 47
1.02771e+06 0.0441185 1.09768 -39 1 48
1.2537e+06 -0.287452 1.66627 -39 1 49
1.06829e+06 -0.637102 -2.37413 -39 1 50
1.098e+06 0.0376854 -2.36701 -39 1 51
1.23965e+06 2.05906 -2.34021 -39 1 52
1.21203e+06 2.73498 -2.34002 -39 1 53
1.1007e+06 -2.3287 -1.79446 -39 1 54
1.10904e+06 -0.298851 -1.78658 -39 1 55
1.24019e+06 0.376712 -1.78286 -39 1 56
1.19005e+06 2.39814 -1.75765 -39 1 57
1.28747e+06 3.07507 -1.76058 -39 1 58
1.3105e+06 2.73756 -1.17693 -39 1 59
1.25427e+06 3.41289 -1.17472 -39 1 60
1.2615e+06 3.0766 -0.595813 -39 1 61
1.10997e+06 -0.631802 1.116 -39 1 62
1.45771e+06 -0.294768 1.70018 -39 1 63
751648 0.0354426 -2.42243 -39 1 64
1.11894e+06 -2.39527 -1.83591 -39 1 65
983184 -0.310176 -1.82663 -39 1 66
1.31955e+06 -0.652396 1.15265 -39 1 67
1.01157e+06 -0.999143 1.74626 -39 1 68
1.07437e+06 -0.671641 -2.16287 -39 1 69
1.10061e+06 -1.37088 1.47216 -39 1 70
1.25938e+06 -0.667163 1.48198 -39 1 71
1.35853e+06 -1.01879 2.08278 -39 1 72
1.15091e+06 0.392628 2.09431 -39 1 73
1.19794e+06 -2.49232 -2.20819 -39 1 74
1.02056e+06 -1.77131 -2.2021 -39 1 75
940432 -1.04846 -2.20049 -39 1 76
1.17442e+06 -2.12997 -1.58607 -39 1 77
922832 -1.04454 -0.963966 -39 1 78
796416 -1.40537 -0.344527 -39 1 79
957552 -0.683701 -0.341547 -39 1 80
1.02014e+06 -1.40096 2.12384 -39 1 81
1.4452e+06 0.760048 2.13683 -39 1 82
1.29019e+06 -2.60014 -2.29608 -39 1 83
999488 -0.344334 -2.28285 -39 1 84
1.21904e+06 -2.22299 -1.64706 -39 1 85
1.40483e+06 -2.21874 -0.359943 -39 1 86
945760 -1.46824 -0.353556 -39 1 87
1.4355e+06 0.781763 -0.335765 -39 1 88
1.25384e+06 -1.84163 0.286085 -39 1 89
1.33976e+06 1.15754 0.31031 -39 1 90
1.21614e+06 -1.08981 1.57844 -39 1 91
804336 -1.46376 2.21711 -39 1 92
1.61987e+06 0.785611 2.23451 -39 1 93
1.19466e+06 1.15819 2.88101 -39 1 94
1.43187e+06 -2.32427 -2.38791 -39 1 95
1.07213e+06 -1.53814 -2.3852 -39 1 96
1.1404e+06 -0.752836 -2.38292 -39 1 97
508304 0.0278938 -2.37253 -39 1 98
1.30853e+06 0.420751 -1.69683 -39 1 99
912000 0.0327294 -1.03006 -39 1 100
1.5569e+06 0.812735 -1.02107 -39 1 101
1.26974e+06 0.42185 -0.351457 -39 1 102
1.29819e+06 -2.31588 0.298364 -39 1 103
1.22578e+06 -1.53308 0.305011 -39 1 104
1.19838e+06 -0.749533 0.310121 -39 1 105
1.15566e+06 -1.14004 0.978244 -39 1 106
1.08224e+06 -0.358474 0.98523 -39 1 107
1.12938e+06 0.0333503 1.65837 -39 1 108
1.47334e+06 0.81455 1.66444 -39 1 109
-375216 -1.924 2.31487 -39 1 110
879040 0.423424 2.33187 -39 1 111
1.48426e+06 -3.10136 2.97796 -39 1 112
2.54267e+06 -2.31632 2.98235 -39 1 113
1.69462e+06 0.815381 3.00362 -39 1 114
1.47237e+06 -2.49121 -2.19284 -39 1 115
257120 -0.811755 -2.18223 -39 1 116
1.31669e+06 0.0269034 -2.17704 -39 1 117
1.36733e+06 -2.06971 -1.46972 -39 1 118
1.16787e+06 -1.22895 -1.46562 -39 1 119
1.24758e+06 -0.390803 -1.45951 -39 1 120
1.3709e+06 -2.0655 -0.0320984 -39 1 121
1.17586e+06 -1.22688 -0.0260422 -39 1 122
1.21333e+06 -2.48432 0.683571 -39 1 123
1.47056e+06 -1.64456 0.688771 -39 1 124
1.4107e+06 -0.806941 0.695301 -39 1 125
1.34565e+06 -1.22427 1.40936 -39 1 126
1.36298e+06 -0.38759 1.41623 -39 1 127
1.36493e+06 -1.64346 2.1241 -39 1 128
920160 -0.804819 2.12974 -39 1 129
2.80275e+06 -2.0675 2.8405 -39 1 130
1.42501e+06 0.024971 -2.66928 -39 1 131
1.37933e+06 -2.62064 -1.16995 -39 1 132
735424 -2.61877 0.343998 -39 1 133
1.1521e+06 -2.61553 3.3623 -39 1 134
1.44293e+06 -3.20611 -2.01738 -39 1 135
1.44336e+06 -2.28399 -2.00942 -39 1 136
1.36925e+06 -2.74295 -1.22123 -39 1 137
1.44493e+06 -2.27994 -0.426516 -39 1 138
1.45542e+06 -1.8168 0.36693 -39 1 139
1.34166e+06 -0.894273 0.37287 -39 1 140
1.5784e+06 -0.432649 1.16578 -39 1 141
1.25141e+06 -0.892735 1.95227 -39 1 142
-3.23518e+06 -1.18218 2.22912 -39 2 0
-4.22946e+06 -1.49192 2.2665 -39 2 1
-759536 -1.52393 0.225082 -39 2 2
-1.31349e+06 -1.22203 1.79181 -39 2 3
-815696 -0.620162 1.78547 -39 2 4
-1.94302e+06 -0.921242 2.31131 -39 2 5
-984224 -1.54905 -1.89608 -39 2 6
-3.97402e+06 -0.938484 -1.90186 -39 2 7
-978432 -1.85173 -0.300486 -39 2 8
-598272 -1.54552 0.231451 -39 2 9
-5.41546e+06 -0.935159 0.224376 -39 2 10
-1.2003e+06 -2.76699 1.2938 -39 2 11
383264 -3.0718 1.82804 -39 2 12
-2.44333e+06 -2.46013 1.8286 -39 2 13
-1.13114e+06 -1.23916 1.8209 -39 2 14
-1.68722e+06 -0.628897 1.81447 -39 2 15
627440 -2.19269 -1.92347 -39 2 16
-1.05592e+06 -1.5719 -1.92183 -39 2 17
-666400 -1.88104 -1.38143 -39 2 18
-1.28242e+06 -2.19048 -0.841872 -39 2 19
-1.4533e+06 -2.49984 -0.301183 -39 2 20
-958368 -2.8096 0.23832 -39 2 21
-783728 -2.80863 1.31711 -39 2 22
222448 -3.1177 1.86 -39 2 23
-1.6404e+06 -2.4967 1.85989 -39 2 24
55344 -2.24299 -2.23988 -39 2 25
-3.30163e+06 -0.974104 -2.24287 -39 2 26
237840 -2.55992 -1.68849 -39 2 27
-3.19955e+06 -1.2894 -1.68682 -39 2 28
-609584 -0.656614 -1.69558 -39 2 29
1.08939e+06 -2.55778 -0.581874 -39 2 30
-886624 -1.9224 -0.580801 -39 2 31
-4.02682e+06 -1.2879 -0.582959 -39 2 32
728480 -2.87432 -0.0281685 -39 2 33
-3.61955e+06 -0.970491 -0.0341515 -39 2 34
-828512 -0.336619 -0.042477 -39 2 35
-932000 -2.55551 0.525952 -39 2 36
588528 -0.653281 0.512634 -39 2 37
-2.43941e+06 -0.334449 2.16669 -39 2 38
82560 -2.27658 -2.27142 -39 2 39
-3.45485e+06 -0.988036 -2.27478 -39 2 40
33664 -2.59874 -1.7117 -39 2 41
1.15875e+06 -2.59668 -0.587938 -39 2 42
-2.03875e+06 -1.62723 -0.0245522 -39 2 43
237680 -1.94886 0.536896 -39 2 44
-3.63365e+06 -1.30398 0.535248 -39 2 45
-1.30437e+06 -0.0171847 1.64108 -39 2 46
-1.60301e+06 -0.339004 2.20216 -39 2 47
-547776 0.305735 2.19929 -39 2 48
-2.32005e+06 0.949559 2.19358 -39 2 49
-121584 -2.31479 -2.30806 -39 2 50
152992 -1.65853 -2.30821 -39 2 51
-3.11322e+06 -1.00333 -2.31042 -39 2 52
-4.12448e+06 -0.350858 -2.32039 -39 2 53
-655568 -0.676772 -1.74581 -39 2 54
-330240 -0.0221211 -1.75177 -39 2 55
-216720 -1.9836 -0.593488 -39 2 56
-2.44818e+06 -1.3272 -0.594232 -39 2 57
-1.70728e+06 -1.65367 -0.0212631 -39 2 58
-1.01738e+06 0.308577 -0.0416061 -39 2 59
-1.69494e+06 0.639426 1.66924 -39 2 60
-1.67677e+06 1.29364 1.66115 -39 2 61
-4.18733e+06 0.967322 2.23488 -39 2 62
1.68776e+06 -2.71213 -2.36727 -39 2 63
830736 -2.37412 -1.77995 -39 2 64
107712 0.654526 -0.040234 -39 2 65
422496 0.662628 -2.42514 -39 2 66
-1.15846e+06 0.321984 -1.82495 -39 2 67
185808 1.00643 -1.83028 -39 2 68
-1.42045e+06 -0.354323 1.76047 -39 2 69
-1.77939e+06 1.01396 1.74729 -39 2 70
-5.31557e+06 -0.692086 2.36334 -39 2 71
761968 -0.0113783 2.35225 -39 2 72
-449488 2.09259 -2.18924 -39 2 73
-947920 1.7425 -1.57247 -39 2 74
-1.8093e+06 2.44584 -1.57946 -39 2 75
-1.16163e+06 0.685628 -0.955355 -39 2 76
-1.13845e+06 0.335546 -0.339126 -39 2 77
512800 1.03988 -0.343625 -39 2 78
-2.21277e+06 -0.360517 2.11968 -39 2 79
-1.81978e+06 1.0456 2.10533 -39 2 80
-1.25229e+06 -0.0185674 -2.22154 -39 2 81
-864544 0.700524 -2.22603 -39 2 82
-439776 2.14036 -2.23516 -39 2 83
-939440 1.78275 -1.60477 -39 2 84
-1.88773e+06 2.50116 -1.6122 -39 2 85
535872 1.4225 -0.977345 -39 2 86
585072 1.06436 -0.348265 -39 2 87
-1.6031e+06 -0.366514 0.920393 -39 2 88
-1.25614e+06 -0.723079 1.55098 -39 2 89
-1.21058e+06 -0.00826954 1.54007 -39 2 90
-2.64858e+06 1.07106 2.15444 -39 2 91
-663776 0.353033 -2.28779 -39 2 92
1.26766e+06 1.09297 -2.29333 -39 2 93
-634928 2.20831 -1.65409 -39 2 94
251344 1.47007 -0.357827 -39 2 95
-1.32232e+06 2.21104 -0.364467 -39 2 96
-1.02733e+06 -0.376427 0.30582 -39 2 97
-136224 0.358684 0.294263 -39 2 98
-1.41038e+06 -0.00589061 0.946679 -39 2 99
-1.02026e+06 -0.00356495 2.23447 -39 2 100
-2.61344e+06 0.7383 2.22791 -39 2 101
-456560 1.4735 2.21552 -39 2 102
-2.62549e+06 -0.398966 -2.07908 -39 2 103
-894064 0.384723 -2.08992 -39 2 104
-825808 1.96602 -2.10294 -39 2 105
-2.51598e+06 2.75427 -2.11243 -39 2 106
-558496 -0.793087 -1.38634 -39 2 107
-1.06275e+06 -0.00611591 -1.3948 -39 2 108
-2.02592e+06 -0.398352 -0.700792 -39 2 109
-643408 2.36397 -0.0430138 -39 2 110
-1.47307e+06 0.392203 0.667592 -39 2 111
-1.22018e+06 1.17988 0.657547 -39 2 112
643136 2.76142 0.640121 -39 2 113
-2.04408e+06 0.788017 1.35041 -39 2 114
-576352 1.57498 1.33933 -39 2 115
-3.2956e+06 -0.414477 -2.89453 -39 2 116
-1.1968e+06 -0.00454963 -2.17769 -39 2 117
-1.93462e+06 2.47216 -2.20216 -39 2 118
-2.14485e+06 3.29391 -2.21403 -39 2 119
293712 1.23095 -1.47061 -39 2 120
-693584 0.818637 -0.746756 -39 2 121
-16784 1.64836 -0.752628 -39 2 122
237824 2.47593 0.675601 -39 2 123
1.24107e+06 3.30865 0.667505 -39 2 124
-462608 1.73573 -1.92643 -39 2 125
-1.97197e+06 2.60402 -1.93645 -39 2 126
-713728 2.17154 -1.17303 -39 2 127
-1.53272e+06 3.03789 -1.18504 -39 2 128
-555120 2.60677 -0.421428 -39 2 129
-873632 0.435809 0.361055 -39 2 130
-171840 1.38405 -0.426417 -39 2 131
-2.84979e+06 1.59527 1.86036 -39 3 0
-1.69261e+06 0.0134411 0.536096 -39 3 1
-675616 -0.32277 1.11057 -39 3 2
-1.1247e+06 0.0071767 1.67919 -39 3 3
-2.6852e+06 0.00970284 0.548859 -39 3 4
-81584 -0.668422 1.71307 -39 3 5
-1.20147e+06 0.349833 0.55934 -39 3 6
-1.05917e+06 0.706924 -0.0330688 -39 3 7
-1.38042e+06 1.40698 -0.0363888 -39 3 8
-754352 0.353117 0.571239 -39 3 9
-1.07734e+06 1.05129 0.567818 -39 3 10
-1.31806e+06 1.08312 -1.57176 -39 3 11
-1.87429e+06 2.51014 -1.5774 -39 3 12
-2.54344e+06 0.722855 -0.954063 -39 3 13
-1.14237e+06 1.78871 -0.344639 -39 3 14
-666048 -0.357017 0.893059 -39 3 15
-59632 -0.714435 1.50687 -39 3 16
-1.64867e+06 -0.0086062 1.50298 -39 3 17
-874448 1.10455 -1.60388 -39 3 18
-1.49763e+06 1.83315 -1.60674 -39 3 19
-1.21741e+06 2.56285 -1.61029 -39 3 20
-1.0428e+06 0.737239 -0.973683 -39 3 21
-1.21061e+06 2.19027 -0.979303 -39 3 22
-1.15274e+06 1.82443 -0.35087 -39 3 23
-1.92619e+06 1.45519 0.277273 -39 3 24
-1.10598e+06 0.357528 0.909413 -39 3 25
-1.02909e+06 1.08406 0.904731 -39 3 26
328544 -0.733479 1.54099 -39 3 27
-1.70794e+06 -0.0125351 1.53607 -39 3 28
-1.24347e+06 1.13457 -1.64942 -39 3 29
-1.35024e+06 1.88545 -1.65281 -39 3 30
-1.0721e+06 2.63627 -1.65635 -39 3 31
-987632 0.0106127 -1.00003 -39 3 32
-737232 0.756418 -1.0007 -39 3 33
-1.19837e+06 0.376393 -0.352327 -39 3 34
-1.12371e+06 1.12348 -0.3562 -39 3 35
-1.41982e+06 1.87552 -0.360386 -39 3 36
-2.29568e+06 -1.50581 0.30387 -39 3 37
-962800 -0.745332 0.296923 -39 3 38
-729200 0.744813 0.290775 -39 3 39
-1.49856e+06 1.49578 0.28623 -39 3 40
-2.10912e+06 -1.12817 0.946081 -39 3 41
-2.12307e+06 -1.51149 1.59275 -39 3 42
-1.15946e+06 0.404901 -2.05686 -39 3 43
-1.54595e+06 1.96656 -2.05986 -39 3 44
-1.34139e+06 2.75053 -2.06371 -39 3 45
-1.23491e+06 2.3534 -1.38698 -39 3 46
-1.95979e+06 -1.57391 -0.0179066 -39 3 47
-1.75806e+06 1.5594 -0.0363007 -39 3 48
-2.32464e+06 -1.17867 0.652103 -39 3 49
-1.00698e+06 -1.18293 1.99594 -39 3 50
654384 2.72746 3.31135 -39 3 51
-955520 0.421932 -2.15075 -39 3 52
-1.29683e+06 2.05847 -2.15544 -39 3 53
-1.07853e+06 2.87832 -2.15924 -39 3 54
-1.27094e+06 -0.406572 -0.731089 -39 3 55
-346416 0.407887 -0.734215 -39 3 56
-2.01256e+06 -0.819285 -0.02314 -39 3 57
-910192 0.808657 -0.0327724 -39 3 58
-1.25189e+06 -1.65716 1.3895 -39 3 59
154448 0.800534 1.37282 -39 3 60
-1.5113e+06 -2.0703 2.09457 -39 3 61
-1.3465e+06 0.00788713 -2.24765 -39 3 62
-1.3225e+06 0.865855 -2.25084 -39 3 63
-1.5856e+06 -0.856114 -0.762493 -39 3 64
-768720 -0.00081844 -0.765851 -39 3 65
-1.73578e+06 -2.16274 -0.0154896 -39 3 66
-2.55574e+06 -1.29951 -0.0199024 -39 3 67
-1.35536e+06 -2.59749 0.724308 -39 3 68
-1.72005e+06 -1.73774 0.719062 -39 3 69
-1.61504e+06 -2.17054 1.45871 -39 3 70
2.00398e+06 0.834376 2.17483 -39 3 71
-1.64182e+06 0.464885 -2.75901 -39 3 72
-81248 1.36153 -2.75818 -39 3 73
-1.55213e+06 -0.897574 -1.96952 -39 3 74
-1.10787e+06 0.906893 -1.97653 -39 3 75
-1.39293e+06 1.80861 -1.98122 -39 3 76
-1.69134e+06 -1.36103 -1.18563 -39 3 77
-1.0961e+06 -1.82288 -0.406646 -39 3 78
-1.3332e+06 -2.28153 0.37175 -39 3 79
-1.72611e+06 0.42599 1.90503 -39 3 80
684816 0.865354 2.67053 -39 3 81
659648 1.76976 2.66478 -39 3 82
-822880 0.933305 -2.03999 -39 3 83
-1.27272e+06 1.86501 -2.0453 -39 3 84
-1.61634e+06 -1.40856 -1.22395 -39 3 85
-546480 -0.465102 -1.22951 -39 3 86
-1.75534e+06 -0.941563 -0.423062 -39 3 87
-884496 -2.36724 1.98345 -39 3 88
370160 0.438889 1.96762 -39 3 89
-984672 -2.83592 2.78633 -39 3 90
-1.30122e+06 -1.90597 2.77797 -39 3 91
-203808 0.887932 2.755 -39 3 92
2.552e+06 1.82619 2.75145 -39 3 93
-421408 0.473339 -2.05908 -39 3 94
-1.93139e+06 -0.943932 -1.23939 -39 3 95
-918672 -0.011585 -1.24575 -39 3 96
-1.47346e+06 0.430445 1.17075 -39 3 97
-755408 1.37454 1.1652 -39 3 98
-474512 -0.0387958 1.98609 -39 3 99
-445312 0.895172 1.9734 -39 3 100
-763952 0.468684 -2.07816 -39 3 101
-724960 -2.88676 0.390397 -39 3 102
-1.16832e+06 -1.93966 0.381514 -39 3 103
-1.13643e+06 0.910911 0.35984 -39 3 104
-1.55781e+06 0.428816 1.1775 -39 3 105
-901152 1.38157 1.17181 -39 3 106
-661424 1.85237 1.98289 -39 3 107
-1.35106e+06 -2.95266 -2.97159 -39 3 108
-1.72835e+06 -3.44732 -2.12271 -39 3 109
-1.36424e+06 -2.46606 -2.12752 -39 3 110
-947776 0.96149 -1.30425 -39 3 111
-1.1793e+06 -0.0452844 0.375276 -39 3 112
-1.13085e+06 -1.03568 2.06257 -39 3 113
-1.49458e+06 0.496047 -1.81083 -39 3 114
-798208 -1.61002 -1.84835 -39 3 115
-282048 -0.543104 -1.85001 -39 3 116
-1.39288e+06 0.50858 -1.86066 -39 3 117
-1.20421e+06 1.10091 -1.97815 -39 3 118
-1.03075e+06 -0.0283583 -2.03857 -39 3 119
