vx vy vz x y z beamid spotid
-0.0317917 -0.165218 -0.141746 -10.3702 -1.29323 7.16798 0 0
-0.0257849 -0.168768 -0.147564 -10.3696 -0.554449 7.12904 0 1
-0.0324722 -0.166232 -0.145622 -9.7647 -1.06765 7.68964 0 2
-0.0325471 -0.15965 -0.13672 -11.2879 -1.96586 6.83101 0 3
-0.0319734 -0.160756 -0.14081 -10.6691 -1.751 7.42617 0 4
-0.0333695 -0.164058 -0.142799 -10.0515 -1.42481 7.59182 0 5
-0.0346305 -0.164936 -0.146907 -9.43648 -1.19359 8.11381 0 6
-0.0461641 -0.171425 -0.136661 -8.80998 -1.26295 6.97748 0 7
-0.0382224 -0.170662 -0.146194 -8.81474 -0.705032 7.66778 0 8
-0.0317021 -0.171323 -0.15442 -8.81768 -0.0989819 8.16557 0 9
-0.0213035 -0.166078 -0.145559 -11.9294 -0.689709 6.1605 0 10
-0.0311229 -0.156877 -0.138736 -11.2934 -2.11481 7.2653 0 11
-0.0206044 -0.16969 -0.151186 -10.6622 -0.175711 7.07793 0 12
-0.0156312 -0.175338 -0.156032 -10.6614 0.701414 6.64497 0 13
-0.0345145 -0.162613 -0.149438 -9.40948 -1.33384 8.58794 0 14
-0.0378362 -0.168095 -0.148573 -8.77721 -0.848133 8.17599 0 15
-0.0319757 -0.169103 -0.15689 -8.78011 -0.228237 8.66862 0 16
-0.0266427 -0.155206 -0.139027 -12.5992 -1.93567 6.39323 0 17
-0.0200648 -0.159641 -0.145426 -12.601 -1.14577 6.34262 0 18
-0.0144556 -0.172978 -0.157728 -10.6541 0.583345 7.14585 0 19
-0.0344936 -0.160224 -0.152128 -9.37399 -1.48191 9.0759 0 20
-0.0198068 -0.169639 -0.170578 -9.37315 0.701229 9.52827 0 21
-0.0448207 -0.165831 -0.141183 -8.72241 -1.57596 7.97692 0 22
-0.0200301 -0.15406 -0.144628 -13.2873 -1.54353 6.27959 0 23
-0.0255925 -0.153388 -0.139974 -12.6242 -2.03001 6.63372 0 24
-0.0148693 -0.165992 -0.15083 -12.6322 -0.261627 5.92214 0 25
-0.0293519 -0.152529 -0.142079 -11.3055 -2.3701 7.94684 0 26
-0.0227511 -0.155044 -0.149802 -11.3053 -1.67484 8.27989 0 27
-0.0174485 -0.161175 -0.153561 -11.3061 -0.788174 7.89231 0 28
-0.0243007 -0.158048 -0.152718 -10.6513 -1.37786 8.63598 0 29
-0.0320895 -0.157739 -0.148969 -9.99892 -1.80643 8.77999 0 30
-0.0201958 -0.169049 -0.171662 -9.348 0.673372 9.72046 0 31
-0.0449726 -0.164519 -0.142458 -8.68773 -1.66245 8.23279 0 32
-0.0292646 -0.150118 -0.136418 -12.6941 -2.53527 6.67192 0 33
-0.0021657 -0.168002 -0.163643 -12.7001 0.747583 6.71762 0 34
-0.0263106 -0.150682 -0.141853 -12.0041 -2.36396 7.5963 0 35
-0.0194611 -0.15461 -0.155192 -11.3188 -1.4474 8.77065 0 36
-0.0150193 -0.164729 -0.155303 -11.3209 -0.314342 7.59264 0 37
-0.0100539 -0.1726 -0.15906 -11.3224 0.71981 6.81911 0 38
-0.0295775 -0.154599 -0.158598 -9.96118 -1.74481 9.89292 0 39
-0.0387792 -0.159209 -0.147492 -9.27651 -1.88667 8.89293 0 40
-0.0330201 -0.158652 -0.159595 -9.28239 -1.3382 9.88757 0 41
-0.0231109 -0.14826 -0.141631 -13.1335 -2.26323 6.83338 0 42
-0.0144379 -0.150532 -0.15072 -13.1309 -1.53361 7.32928 0 43
-0.0103087 -0.165136 -0.155566 -12.4197 -0.0557346 6.6325 0 44
-0.0148122 -0.15863 -0.155244 -11.6942 -0.864906 8.04397 0 45
-0.0120856 -0.171856 -0.155633 -11.7002 0.459526 6.32807 0 46
-0.0163268 -0.161579 -0.158627 -10.9782 -0.567753 8.53351 0 47
-0.0336567 -0.154042 -0.159992 -9.56076 -1.87958 10.2583 0 48
-0.0219261 -0.167475 -0.164297 -9.55105 0.122843 9.14087 0 49
-0.0198564 -0.165891 -0.177882 -9.5592 0.561869 10.6394 0 50
-0.0371573 -0.160226 -0.157706 -8.84629 -1.32428 9.76403 0 51
-0.032537 -0.161844 -0.167246 -8.85011 -0.641125 10.3805 0 52
-0.0264234 -0.168393 -0.169238 -8.84254 0.372572 9.78629 0 53
-0.0171649 -0.145597 -0.148445 -13.2306 -2.10696 7.56779 0 54
-0.0106559 -0.151747 -0.15465 -13.234 -1.17616 7.44569 0 55
-0.0113274 -0.157887 -0.155341 -12.4826 -0.736191 7.48469 0 56
-0.011999 -0.162304 -0.157298 -11.7299 -0.359053 7.75864 0 57
-0.0372383 -0.153539 -0.15374 -9.49072 -2.25375 9.83976 0 58
-0.0327159 -0.153221 -0.167924 -9.49709 -1.68526 11.0398 0 59
-0.0193278 -0.166928 -0.183602 -9.49345 0.948542 11.1406 0 60
-0.041248 -0.157862 -0.154815 -8.74586 -1.80749 9.83177 0 61
-0.0279284 -0.165812 -0.179978 -8.75218 0.502832 11.1441 0 62
-0.011505 -0.151159 -0.154994 -12.9044 -1.30876 7.857 0 63
-0.0182578 -0.148883 -0.152578 -12.1298 -1.94925 8.54274 0 64
-0.0126485 -0.157671 -0.155459 -12.1347 -0.839489 7.82682 0 65
-0.0052805 -0.163551 -0.180463 -11.3603 0.772594 10.3465 0 66
-0.0094206 -0.166528 -0.183622 -10.5964 1.11609 10.7557 0 67
-0.0362019 -0.155236 -0.165141 -9.07566 -1.6316 10.7947 0 68
-0.0105599 -0.148075 -0.157562 -12.9876 -1.48701 8.37261 0 69
-0.0117794 -0.154516 -0.158381 -12.1842 -1.01997 8.42464 0 70
-0.0151973 -0.159915 -0.182159 -10.5803 0.108156 11.3174 0 71
-0.020397 -0.162923 -0.185604 -9.78626 0.479984 11.6919 0 72
-0.0377726 -0.153652 -0.168115 -8.99283 -1.76934 11.2336 0 73
-0.0476463 -0.155989 -0.157867 -8.19108 -2.04529 10.4854 0 74
-0.0097275 -0.144948 -0.160871 -13.0196 -1.67017 8.99768 0 75
-0.0157371 -0.150036 -0.174668 -11.3831 -1.24973 11.0656 0 76
-0.0080568 -0.161047 -0.171899 -11.3862 0.110567 9.64011 0 77
-0.0073137 -0.161238 -0.185705 -11.3837 0.644499 11.2317 0 78
-0.0251905 -0.148103 -0.174102 -10.5742 -1.86936 11.5752 0 79
-0.016643 -0.158559 -0.18515 -10.5738 0.00627899 11.7822 0 80
-0.0386554 -0.152799 -0.169851 -8.95775 -1.84237 11.474 0 81
-0.0485649 -0.154084 -0.161079 -8.14449 -2.18299 10.9391 0 82
-0.0128309 -0.140097 -0.160199 -13.031 -2.2743 9.39812 0 83
-0.0068225 -0.145948 -0.166999 -13.0319 -1.33187 9.54584 0 84
0.0010481 -0.154956 -0.184238 -13.0251 0.29748 10.7732 0 85
-0.0023612 -0.159337 -0.187056 -12.2048 0.671127 11.1921 0 86
-0.0383572 -0.152306 -0.179117 -8.94846 -1.5919 12.336 0 87
-0.0286139 -0.165244 -0.197311 -8.94746 1.1495 12.956 0 88
-0.0472723 -0.153584 -0.16975 -8.12992 -1.90425 11.6918 0 89
-0.0127381 -0.138853 -0.162035 -13.039 -2.35839 9.69084 0 90
-0.0069042 -0.144417 -0.169146 -13.039 -1.43651 9.92832 0 91
0.0004312 -0.154149 -0.185555 -13.0333 0.23193 11.0368 0 92
0.0015929 -0.159018 -0.193138 -13.0298 1.03891 11.6705 0 93
-0.0240089 -0.140334 -0.16932 -11.3873 -2.7898 11.3409 0 94
-0.02861 -0.143789 -0.175361 -10.5699 -2.48487 12.0339 0 95
-0.0391157 -0.151571 -0.180945 -8.94004 -1.65393 12.5663 0 96
-0.0298507 -0.164572 -0.198905 -8.93912 1.09547 13.1982 0 97
-0.0478234 -0.152688 -0.1716 -8.11837 -1.97062 11.931 0 98
-0.012719 -0.136492 -0.165071 -13.098 -2.52744 10.1634 0 99
-0.0151047 -0.141688 -0.16918 -12.2476 -2.16967 10.7257 0 100
-0.0100524 -0.161 -0.19532 -11.3995 0.888006 12.4725 0 101
-0.0076886 -0.136199 -0.170419 -13.6507 -2.12331 10.355 0 102
-0.0153946 -0.135865 -0.167307 -12.7561 -2.74074 10.6851 0 103
-0.010563 -0.141028 -0.176404 -12.7538 -1.82916 11.2479 0 104
-0.0015467 -0.155727 -0.202236 -13.7811 0.970383 13.1722 0 105
-0.0185733 -0.130814 -0.165475 -12.8559 -3.42843 10.8263 0 106
-0.0055289 -0.154638 -0.198614 -12.8471 0.464052 12.9841 0 107
-0.0225372 -0.13494 -0.175254 -11.9125 -3.18214 12.0294 0 108
-0.0112288 -0.153716 -0.194743 -11.9126 -0.0558147 12.844 0 109
-0.0134568 -0.135323 -0.176335 -12.9101 -2.54478 11.5913 0 110
-0.014005 -0.133696 -0.179372 -12.9691 -2.6915 12.0067 0 111
-0.0379619 -0.164792 -0.133766 -10.7077 -1.80738 6.4957 1 0
-0.0396532 -0.164786 -0.134622 -10.1782 -1.84365 6.89708 1 1
-0.0408052 -0.169022 -0.133428 -10.1777 -1.53363 6.3369 1 2
-0.0340144 -0.158257 -0.135498 -11.2438 -2.18719 6.9374 1 3
-0.0308217 -0.162833 -0.141181 -10.7027 -1.50151 7.18863 1 4
-0.0318936 -0.166967 -0.142561 -10.1633 -1.10378 7.14851 1 5
-0.0380735 -0.170459 -0.143626 -9.08677 -0.85994 7.39795 1 6
-0.0374242 -0.173478 -0.148817 -8.55361 -0.251038 7.57638 1 7
-0.0285273 -0.147166 -0.13676 -12.902 -2.72591 6.81053 1 8
-0.0199869 -0.15222 -0.144881 -12.8961 -1.76562 6.87822 1 9
-0.0223066 -0.153065 -0.144127 -12.3457 -1.87789 7.21758 1 10
-0.0211418 -0.157492 -0.144816 -12.3456 -1.42049 6.77646 1 11
-0.0244842 -0.158013 -0.142961 -11.7963 -1.6053 7.04175 1 12
-0.027828 -0.167334 -0.147389 -10.1525 -0.763494 7.44878 1 13
-0.0589292 -0.159694 -0.124248 -9.04443 -3.34736 7.54334 1 14
-0.0224438 -0.14755 -0.142883 -12.9277 -2.31757 7.19576 1 15
-0.0151783 -0.152854 -0.149958 -12.9224 -1.40875 7.19963 1 16
-0.02074 -0.162696 -0.146469 -11.8083 -0.950392 6.74664 1 17
-0.0215421 -0.163224 -0.148134 -11.2509 -0.909876 7.24913 1 18
-0.0206368 -0.167696 -0.151716 -10.6954 -0.347521 7.36582 1 19
-0.0553457 -0.159477 -0.128436 -9.01712 -3.08558 7.79901 1 20
-0.0164418 -0.144306 -0.149569 -13.2538 -2.16772 7.77486 1 21
-0.0071704 -0.150727 -0.159212 -13.2445 -1.02956 7.99163 1 22
-0.0080587 -0.154629 -0.157077 -13.2473 -0.766113 7.32169 1 23
-0.0337283 -0.139236 -0.133848 -12.693 -3.78653 7.55528 1 24
-0.0103311 -0.1595 -0.15513 -12.6788 -0.540379 7.08227 1 25
-0.0141034 -0.164926 -0.154912 -11.5406 -0.269743 7.36041 1 26
-0.015434 -0.165523 -0.156882 -10.9728 -0.210882 7.89037 1 27
-0.0147299 -0.169348 -0.156251 -10.9728 0.154991 7.32715 1 28
-0.0174112 -0.169498 -0.157542 -10.4066 0.152155 7.79398 1 29
-0.0465314 -0.156435 -0.138718 -9.26342 -2.74549 8.59676 1 30
-0.0426251 -0.160555 -0.141076 -9.26525 -2.10102 8.31024 2 -112
-0.0486886 -0.160284 -0.140356 -8.69639 -2.30447 8.57243 2 -111
-0.044671 -0.164283 -0.142924 -8.69884 -1.66122 8.28671 2 -110
-0.0319068 -0.130518 -0.136117 -13.3076 -4.34942 7.9486 2 -109
-0.0034277 -0.153867 -0.163211 -13.2805 -0.506714 8.00713 2 -108
-0.0045333 -0.157552 -0.160677 -13.2841 -0.286678 7.27734 2 -107
-0.0054797 -0.158723 -0.161548 -12.7035 -0.260246 7.7824 2 -106
-0.0075875 -0.162158 -0.157744 -12.7072 -0.13518 6.95382 2 -105
-0.0084651 -0.163184 -0.159076 -12.1269 -0.0834141 7.48632 2 -104
-0.0333468 -0.148331 -0.137297 -11.5544 -3.02224 7.84376 2 -103
-0.0280816 -0.153192 -0.141803 -11.5533 -2.24157 7.67561 2 -102
-0.0111521 -0.167469 -0.157687 -11.5499 0.157555 7.25583 2 -101
-0.041021 -0.149033 -0.132202 -10.9729 -3.46919 7.87275 2 -100
-0.034839 -0.153663 -0.137571 -10.9728 -2.62576 7.76536 2 -99
-0.0094257 -0.168677 -0.164187 -10.9728 0.557487 8.14528 2 -98
-0.0392196 -0.14986 -0.13992 -10.3925 -3.13717 8.6798 2 -97
-0.0361116 -0.154235 -0.141161 -10.393 -2.53592 8.33195 2 -96
-0.0393998 -0.154608 -0.143072 -9.81455 -2.56583 8.77648 2 -95
-0.043803 -0.154717 -0.144592 -9.23714 -2.63656 9.17891 2 -94
-0.0286851 -0.130578 -0.139841 -13.3461 -4.12481 8.18869 2 -93
-0.0228219 -0.135965 -0.144402 -13.3409 -3.27413 8.06789 2 -92
-0.0007886 -0.155012 -0.167004 -13.3178 -0.207418 8.26188 2 -91
-0.0006483 -0.158742 -0.165396 -13.3205 0.0863571 7.59247 2 -90
-0.0324858 -0.124261 -0.145757 -12.7501 -5.08392 9.65293 2 -89
-0.0259736 -0.137461 -0.143627 -12.748 -3.43468 8.39164 2 -88
-0.0229057 -0.142186 -0.144763 -12.7467 -2.82492 8.03334 2 -87
-0.0021087 -0.159806 -0.165819 -12.7311 0.0811195 8.07266 2 -86
-0.0045403 -0.162937 -0.161235 -12.7355 0.144077 7.16478 2 -85
-0.0049473 -0.164114 -0.163432 -12.1454 0.264086 7.7753 2 -84
-0.0031158 -0.168231 -0.164377 -12.1454 0.73772 7.29089 2 -83
-0.0074283 -0.168352 -0.162328 -11.559 0.527008 7.56006 2 -82
-0.0412126 -0.150543 -0.144426 -9.79406 -3.02312 9.28319 2 -81
-0.0411545 -0.155203 -0.149359 -9.20935 -2.33568 9.48727 2 -80
-0.0165461 -0.137204 -0.152333 -13.3971 -2.74743 8.59482 2 -79
-0.027693 -0.125065 -0.153092 -12.7929 -4.65667 10.1603 2 -78
-0.0200209 -0.138375 -0.151084 -12.7905 -2.94714 8.89068 2 -77
-0.0369447 -0.151351 -0.151903 -9.76567 -2.55662 9.7726 2 -76
-0.0422034 -0.151561 -0.153517 -9.16376 -2.6452 10.1757 2 -75
-0.018346 -0.134514 -0.15395 -13.1312 -3.13156 9.21946 2 -74
-0.0434912 -0.147959 -0.150423 -9.43501 -3.21175 10.142 2 -73
-0.0352352 -0.153593 -0.160102 -9.44175 -1.97516 10.368 2 -72
-0.0436003 -0.152916 -0.156649 -8.82702 -2.40679 10.4384 2 -71
-0.0338893 -0.161854 -0.162692 -8.83419 -0.850115 9.9939 2 -70
-0.0211408 -0.124813 -0.16272 -13.1699 -4.148 10.787 2 -69
-0.0161228 -0.130675 -0.165665 -13.1649 -3.25199 10.6497 2 -68
-0.0147787 -0.133991 -0.161732 -13.167 -2.90017 9.97955 2 -67
-0.0217802 -0.131117 -0.163043 -12.5399 -3.6436 10.7729 2 -66
-0.0223987 -0.140055 -0.15733 -11.9134 -2.93084 9.94921 2 -65
-0.0252273 -0.14212 -0.161939 -11.2857 -2.80783 10.5794 2 -64
-0.0227461 -0.146141 -0.159933 -11.2857 -2.3177 10.0474 2 -63
-0.0442535 -0.151213 -0.159836 -8.78704 -2.52209 10.861 2 -62
-0.0333369 -0.163913 -0.161566 -8.79167 -0.641865 9.68344 2 -61
-0.0185061 -0.125639 -0.168408 -13.2566 -3.84553 11.2298 2 -60
-0.007595 -0.140961 -0.169419 -13.2498 -1.75413 10.1199 2 -59
-0.0184647 -0.132807 -0.170593 -12.6002 -3.18618 11.347 2 -58
-0.0272522 -0.138046 -0.166139 -11.2985 -3.26553 11.2694 2 -57
-0.0219417 -0.143843 -0.169834 -11.2976 -2.30573 11.1588 2 -56
-0.0071464 -0.161937 -0.183606 -11.2949 0.650402 10.9435 2 -55
-0.0295435 -0.143223 -0.165939 -10.6476 -2.81129 11.1881 2 -54
-0.0093183 -0.166085 -0.184295 -10.6511 1.09267 10.8629 2 -53
-0.0339707 -0.153265 -0.169982 -9.35258 -1.65 11.2798 2 -52
-0.0423902 -0.152342 -0.16727 -8.70245 -2.06896 11.392 2 -51
-0.0277167 -0.166675 -0.177316 -8.71601 0.50469 10.7966 2 -50
-0.0294936 -0.171237 -0.186973 -8.08581 1.5924 11.3687 2 -49
-0.013296 -0.130591 -0.176762 -13.3453 -2.94205 11.7217 2 -48
-0.0110303 -0.133883 -0.17266 -13.3475 -2.54291 11.0163 2 -47
-0.0091343 -0.137656 -0.169252 -13.3495 -2.12824 10.3239 2 -46
-0.0006565 -0.149134 -0.183129 -13.3319 -0.346533 10.9967 2 -45
-0.0016754 -0.154815 -0.183541 -12.6557 0.130602 10.9251 2 -44
-0.0099601 -0.15108 -0.172535 -11.9875 -0.944397 10.3986 2 -43
-0.0025501 -0.161058 -0.186585 -11.98 0.820723 11.0697 2 -42
-0.0084884 -0.160599 -0.18563 -11.3086 0.528585 11.3248 2 -41
-0.031051 -0.141071 -0.168602 -10.6336 -3.06808 11.5987 2 -40
-0.0254997 -0.147092 -0.172944 -10.6346 -2.02996 11.5212 2 -39
-0.0212341 -0.15214 -0.174008 -10.6351 -1.25855 11.1869 2 -38
-0.028468 -0.151778 -0.17258 -9.9592 -1.60111 11.3963 2 -37
-0.0226082 -0.158104 -0.179368 -9.963 -0.429029 11.4632 2 -36
-0.0256901 -0.162284 -0.180902 -9.29231 0.0994053 11.4428 2 -35
-0.0205622 -0.168079 -0.18779 -9.29869 1.26935 11.5222 2 -34
-0.0426722 -0.151793 -0.176538 -8.61221 -1.83152 12.2625 2 -33
-0.0283249 -0.16693 -0.187083 -8.62866 0.965864 11.7641 2 -32
-0.0541052 -0.147444 -0.180028 -7.93879 -2.60108 13.1417 2 -31
-0.0504115 -0.151508 -0.178745 -7.94077 -1.94163 12.6986 2 -30
-0.0324512 -0.169706 -0.187009 -7.96079 1.33863 11.5921 2 -29
-0.0135194 -0.132683 -0.181047 -13.1453 -2.71806 12.1713 2 -28
-0.0047876 -0.145775 -0.18492 -13.1363 -0.850613 11.6688 2 -27
-0.0005356 -0.153106 -0.188742 -13.1303 0.194483 11.538 2 -26
-0.0147656 -0.1394 -0.181828 -12.4187 -2.13161 12.1606 2 -25
-0.0113592 -0.14394 -0.179766 -12.4185 -1.52662 11.5857 2 -24
-0.0063176 -0.151549 -0.184924 -12.4136 -0.371958 11.5587 2 -23
-0.0244141 -0.143792 -0.177079 -10.9728 -2.27229 12.0229 2 -22
-0.0193689 -0.150144 -0.180528 -10.9728 -1.23881 11.8699 2 -21
-0.0318224 -0.143959 -0.177208 -10.2494 -2.55506 12.3302 2 -20
-0.0274803 -0.148942 -0.177026 -10.2502 -1.77546 11.9259 2 -19
-0.0220121 -0.15552 -0.182415 -10.2526 -0.62138 11.8962 2 -18
-0.0307503 -0.153848 -0.177982 -9.52979 -1.22396 11.8846 2 -17
-0.0249614 -0.160453 -0.185037 -9.53563 0.0335884 11.9626 2 -16
-0.0389052 -0.153415 -0.17858 -8.80906 -1.45935 12.2368 2 -15
-0.0341645 -0.158461 -0.18014 -8.81256 -0.604113 11.9133 2 -14
-0.0455542 -0.155248 -0.190582 -8.10304 -0.875631 13.3903 2 -13
0.001616 -0.154227 -0.194018 -13.6146 0.624187 11.9678 2 -12
-0.0194748 -0.136671 -0.180469 -12.1153 -2.72635 12.3462 2 -11
-0.0286271 -0.1437 -0.182824 -10.593 -2.31946 12.7423 2 -10
-0.0548597 -0.151356 -0.183049 -7.56312 -1.85942 13.1902 2 -9
-0.0179426 -0.128909 -0.181083 -12.9668 -3.40057 12.5002 2 -8
-0.0114347 -0.140017 -0.190482 -12.954 -1.67961 12.8942 2 -7
-0.0188622 -0.137363 -0.18441 -12.1654 -2.5406 12.6943 2 -6
-0.0209137 -0.144463 -0.186652 -11.3693 -1.79497 12.7815 2 -5
-0.023988 -0.150061 -0.186914 -10.5769 -1.2307 12.6948 2 -4
-0.019025 -0.157002 -0.190981 -10.5782 -0.0570812 12.5726 2 -3
-0.0224863 -0.162141 -0.193383 -9.79148 0.633423 12.6185 2 -2
-0.0313331 -0.160193 -0.19036 -9.00098 0.0668945 12.6955 2 -1
-0.0500557 -0.143236 -0.188628 -8.64258 -2.95059 13.9599 2 0
-0.0438368 -0.150351 -0.185884 -8.62573 -1.76647 13.2104 2 1
-0.0280026 -0.144369 -0.191257 -10.7081 -2.00326 13.4972 2 2
-0.0408461 -0.147662 -0.185063 -9.10726 -2.13551 13.191 2 3
-0.0461241 -0.141758 -0.182957 -9.0999 -3.23035 13.4185 2 4
-0.0474128 -0.146875 -0.18169 -8.57148 -2.50114 13.1217 2 5
-0.015257 -0.137393 -0.194885 -12.8724 -2.09082 13.6186 2 6
-0.0200721 -0.129914 -0.194145 -12.8806 -3.25308 13.9024 2 7
-0.0232513 -0.14501 -0.19429 -11.2458 -1.64291 13.6094 2 8
-0.0258628 -0.146707 -0.189616 -10.7048 -1.65442 13.1738 2 9
-0.0317592 -0.139225 -0.188616 -10.7035 -2.90494 13.5499 2 10
-0.0323487 -0.154015 -0.198245 -9.62506 -0.57935 13.862 2 11
-0.0330438 -0.15916 -0.197828 -9.09109 0.168179 13.5376 2 12
-0.0325941 -0.158048 -0.191982 -9.09187 -0.203402 13.0271 2 13
-0.0390203 -0.149901 -0.18349 -9.08361 -1.80865 12.8846 2 14
-0.0443783 -0.143867 -0.180913 -9.07616 -2.90782 13.1056 2 15
-0.0141791 -0.141214 -0.199294 -12.8998 -1.48672 13.9461 2 16
-0.0127929 -0.13995 -0.193195 -12.8971 -1.70129 13.2557 2 17
-0.0151798 -0.14355 -0.194716 -12.3474 -1.40431 13.4065 2 18
-0.0182721 -0.146329 -0.196705 -11.7985 -1.18639 13.6379 2 19
-0.0204171 -0.150207 -0.197706 -11.2492 -0.76239 13.6573 2 20
-0.0235519 -0.153062 -0.19928 -10.7011 -0.443499 13.7838 2 21
-0.0300112 -0.156612 -0.196855 -9.60735 -0.189827 13.5218 2 22
-0.0303328 -0.162006 -0.196578 -9.06685 0.599854 13.159 2 23
-0.0304358 -0.160577 -0.190968 -9.06697 0.164436 12.7032 2 24
-0.0091953 -0.144353 -0.1973 -13.2185 -0.887964 13.406 2 25
-0.011675 -0.136086 -0.188648 -13.2228 -2.12129 12.8084 2 26
-0.0130061 -0.146325 -0.199892 -12.6592 -0.813963 13.7954 2 27
-0.011598 -0.142633 -0.188525 -12.6565 -1.46194 12.6018 2 28
-0.0189047 -0.132264 -0.188531 -12.6675 -3.00684 13.2406 2 29
-0.0173399 -0.151149 -0.197523 -11.5355 -0.520496 13.4931 2 30
-0.0164441 -0.149655 -0.191612 -11.5351 -0.847149 12.9002 2 31
-0.0182363 -0.146072 -0.186799 -11.5357 -1.47896 12.6191 2 32
-0.0192229 -0.15519 -0.198502 -10.9751 -0.0508366 13.4737 2 33
-0.0242089 -0.144517 -0.184325 -10.9751 -2.00491 12.6905 2 34
-0.0311457 -0.135984 -0.183698 -10.9752 -3.40104 13.1739 2 35
-0.0207651 -0.157475 -0.19381 -10.4167 0.0539131 12.9015 2 36
-0.0318689 -0.14192 -0.182658 -10.4121 -2.68394 12.9145 2 37
-0.0434577 -0.149727 -0.172424 -8.73153 -2.27692 12.0425 2 38
-0.0065581 -0.147174 -0.196074 -13.2481 -0.474049 13.0316 2 39
-0.0093385 -0.138744 -0.187194 -13.2527 -1.73615 12.4398 2 40
-0.010682 -0.148872 -0.198677 -12.6818 -0.437098 13.4652 2 41
-0.0152297 -0.153367 -0.19655 -11.5432 -0.192816 13.2135 2 42
-0.0162097 -0.154593 -0.185805 -10.9751 -0.439957 12.0584 2 43
-0.0189013 -0.158037 -0.187279 -10.4091 -0.0495033 12.127 2 44
-0.0202784 -0.155821 -0.181516 -10.4089 -0.559456 11.7131 2 45
-0.0398108 -0.1475 -0.17045 -9.26576 -2.54948 11.8564 2 46
-0.0428177 -0.150994 -0.171666 -8.69875 -2.11002 11.8817 2 47
-0.0452195 -0.14985 -0.164646 -8.69893 -2.56211 11.403 2 48
-0.0499548 -0.146187 -0.158962 -8.6942 -3.36938 11.2771 2 49
-0.0042605 -0.149806 -0.195267 -13.2829 -0.100288 12.7051 2 50
-0.0043716 -0.146792 -0.190288 -13.2828 -0.568983 12.2307 2 51
-0.0062021 -0.142237 -0.185641 -13.2857 -1.24333 11.9648 2 52
-0.0145299 -0.130287 -0.185286 -13.3028 -2.94383 12.7289 2 53
-0.0144238 -0.137082 -0.184999 -12.7165 -2.28036 12.5377 2 54
-0.0193957 -0.129985 -0.182369 -12.7229 -3.37378 12.6833 2 55
-0.0115977 -0.155076 -0.189491 -11.5512 -0.0834675 12.2108 2 56
-0.012212 -0.153028 -0.183703 -11.551 -0.520542 11.706 2 57
-0.0134701 -0.157837 -0.184786 -10.9751 -0.000675201 11.6509 2 58
-0.0304058 -0.136862 -0.174394 -10.9751 -3.42736 12.2598 2 59
-0.0410232 -0.148378 -0.161929 -9.23896 -2.72772 11.0873 2 60
-0.0477604 -0.142173 -0.157769 -9.23197 -3.87766 11.2837 2 61
-0.0484086 -0.149022 -0.156978 -8.6597 -3.00525 10.8913 2 62
-0.0024312 -0.153611 -0.197356 -13.3403 0.476261 12.6916 2 63
-0.004545 -0.154042 -0.194068 -12.7485 0.275167 12.4085 2 64
-0.0292761 -0.139018 -0.168362 -10.9751 -3.23455 11.5669 2 65
-0.0149877 -0.127862 -0.174671 -13.4033 -3.32961 11.6439 2 66
-0.0152041 -0.134387 -0.174962 -12.7929 -2.76515 11.5763 2 67
-0.0196514 -0.129137 -0.170036 -12.7967 -3.61731 11.4344 2 68
-0.0301728 -0.160258 -0.168508 -9.17399 -0.740917 10.5331 2 69
-0.0411677 -0.151734 -0.15589 -9.16539 -2.51614 10.3417 2 70
-0.0282199 -0.169288 -0.169579 -8.58793 0.479992 9.79226 2 71
-0.0374478 -0.160726 -0.163795 -8.57337 -1.00986 10.312 2 72
-0.0201074 -0.128684 -0.15739 -13.1506 -3.74936 10.0056 2 73
-0.020441 -0.135112 -0.158054 -12.5266 -3.23272 10.0013 2 74
-0.0262545 -0.130947 -0.151673 -12.5293 -4.03015 9.77759 2 75
-0.0204942 -0.13853 -0.168285 -11.9078 -2.80675 11.0958 2 76
-0.0211967 -0.145037 -0.168784 -11.2853 -2.16709 10.9649 2 77
-0.0249433 -0.142553 -0.161834 -11.2855 -2.75114 10.534 2 78
-0.0295131 -0.165681 -0.166939 -8.82375 -0.11989 9.92148 2 79
-0.041489 -0.157695 -0.153126 -8.81361 -1.90464 9.69423 2 80
-0.0076185 -0.140113 -0.176268 -13.1916 -1.72682 11.0312 2 81
-0.0113594 -0.13581 -0.170227 -13.1941 -2.43336 10.7018 2 82
-0.0189562 -0.131303 -0.155966 -13.1937 -3.43598 9.63231 2 83
-0.0191799 -0.137819 -0.156754 -12.5573 -2.91592 9.63434 2 84
-0.0253708 -0.133248 -0.150172 -12.5604 -3.76616 9.44265 2 85
-0.0218936 -0.139688 -0.159219 -11.9259 -2.91094 10.1434 2 86
-0.0232268 -0.145276 -0.160452 -11.2915 -2.41701 10.1696 2 87
-0.0171692 -0.165517 -0.169133 -10.0347 0.204985 9.60543 2 88
-0.0172671 -0.171944 -0.171229 -9.41347 1.05492 9.2603 2 89
-0.0263562 -0.163446 -0.16459 -9.40423 -0.425831 9.72622 2 90
-0.0399923 -0.161098 -0.152164 -8.77172 -1.51108 9.27102 2 91
-0.0078261 -0.139814 -0.17264 -13.2555 -1.81911 10.5906 2 92
-0.0124456 -0.134682 -0.16645 -13.2594 -2.63681 10.3413 2 93
-0.0209404 -0.138084 -0.152028 -12.6029 -3.03642 9.14856 2 94
-0.0233589 -0.1484 -0.155067 -11.3 -2.22422 9.40365 2 95
-0.0288897 -0.145847 -0.147288 -11.3003 -2.8862 9.00133 2 96
-0.0115647 -0.165234 -0.170532 -10.6526 0.387817 9.43664 2 97
-0.0211932 -0.15426 -0.164571 -10.6503 -1.30033 10.0722 2 98
-0.01885 -0.165171 -0.16555 -10.0067 -0.0236073 9.32275 2 99
-0.0282944 -0.17045 -0.162907 -8.72005 0.294241 9.00393 2 100
-0.033775 -0.168699 -0.155344 -8.71802 -0.378336 8.62541 2 101
-0.0440981 -0.159588 -0.147713 -8.70367 -1.9576 9.14031 2 102
0.0053939 -0.161737 -0.177253 -13.0346 0.898155 8.95835 2 103
-0.0036486 -0.149477 -0.170198 -13.0488 -0.793646 9.53028 2 104
-0.0144919 -0.141399 -0.155282 -13.0535 -2.30044 8.77419 2 105
-0.0223967 -0.134566 -0.147956 -13.0604 -3.41855 8.74708 2 106
0.0047962 -0.167328 -0.178751 -12.3457 1.45106 8.9617 2 107
-0.0022724 -0.15892 -0.171538 -12.3521 0.132812 9.16585 2 108
-0.0018323 -0.166377 -0.173321 -11.6615 0.915539 8.94084 2 109
-0.0315936 -0.149704 -0.144122 -10.9751 -2.72035 8.62558 2 110
-0.0174259 -0.165827 -0.16229 -10.2869 -0.0371685 8.7746 2 111
-0.0257994 -0.158818 -0.15435 -10.284 -1.30129 8.91023 2 112
-0.0403325 -0.153017 -0.137401 -10.2819 -2.92929 8.27028 2 113
-0.0263365 -0.166143 -0.15667 -9.59766 -0.45508 8.63075 2 114
-0.0355788 -0.158641 -0.148512 -9.59098 -1.82161 8.86358 2 115
0.0100779 -0.161683 -0.180561 -13.8416 1.2402 8.63958 2 116
0.0029687 -0.15819 -0.174036 -13.1323 0.392191 8.90567 2 117
-0.0174159 -0.141012 -0.150376 -13.1474 -2.52283 8.27821 2 118
-0.0273205 -0.130173 -0.143266 -13.1603 -4.11519 8.65742 2 119
-0.0122828 -0.148248 -0.160285 -12.4226 -1.55621 9.0853 2 120
-0.0135524 -0.153839 -0.162019 -11.6981 -1.09475 9.2154 2 121
-0.018441 -0.153374 -0.153565 -11.6975 -1.54531 8.48808 2 122
-0.0373469 -0.155175 -0.140358 -10.2509 -2.51525 8.27078 2 123
-0.0441154 -0.158952 -0.130806 -10.2528 -2.68281 7.26942 2 124
-0.0108777 -0.14998 -0.156722 -12.8726 -1.35751 8.18076 2 125
-0.0192239 -0.143954 -0.14783 -12.8778 -2.42625 8.00057 2 126
-0.0191019 -0.151561 -0.149467 -12.1146 -1.80122 8.0027 2 127
-0.0291124 -0.14346 -0.140564 -12.1197 -3.17111 8.1121 2 128
-0.0289348 -0.15257 -0.142237 -11.3554 -2.34119 7.91754 2 129
-0.0129562 -0.168767 -0.162971 -10.5975 0.42342 8.25812 2 130
-0.0145109 -0.164058 -0.155839 -11.3748 -0.340387 7.68267 2 131
-0.0416835 -0.153021 -0.207496 -9.02368 -0.631155 15.0211 2 132
-0.0253157 -0.160348 -0.209421 -10.3923 0.932312 14.5423 2 133
-0.0259621 -0.162105 -0.203913 -9.80889 0.971663 13.8253 2 134
-0.0313999 -0.160645 -0.200886 -9.22591 0.544207 13.7114 2 135
-0.023188 -0.159502 -0.203874 -10.3836 0.642847 13.9225 2 136
-0.0288599 -0.164413 -0.202306 -9.19349 1.22797 13.5456 2 137
-0.0231083 -0.156747 -0.197988 -10.3747 0.0345612 13.447 2 138
-0.0202737 -0.153491 -0.197862 -10.9788 -0.330921 13.5208 2 139
-0.0230402 -0.149135 -0.196443 -10.9788 -1.05088 13.6595 2 140
-0.0223106 -0.156129 -0.193744 -10.3649 -0.171288 13.0194 2 141
-0.0251071 -0.151574 -0.189612 -10.3659 -0.994011 12.9322 2 142
-0.0151626 -0.149714 -0.206383 -12.5505 -0.295893 14.4955 2 143
-0.0199641 -0.140558 -0.205692 -12.5487 -1.73315 14.8534 2 144
-0.0153625 -0.152067 -0.201685 -11.9197 -0.192305 13.8515 2 145
-0.0224648 -0.145737 -0.194828 -11.2914 -1.50078 13.6091 2 146
-0.0209281 -0.160488 -0.190795 -10.0422 0.337433 12.4146 2 147
-0.024293 -0.163469 -0.190796 -9.41753 0.686701 12.3081 2 148
-0.0274502 -0.158876 -0.180097 -9.42441 -0.414289 11.6593 2 149
-0.013777 -0.148427 -0.20301 -12.582 -0.502977 14.1027 2 150
-0.0162226 -0.143504 -0.201812 -12.5806 -1.265 14.2219 2 151
-0.0191564 -0.139129 -0.202404 -12.5803 -1.94781 14.5131 2 152
-0.0147826 -0.151469 -0.199796 -11.9394 -0.305593 13.6445 2 153
-0.0195695 -0.140524 -0.19087 -11.935 -2.09558 13.2887 2 154
-0.0220384 -0.144561 -0.189899 -11.2976 -1.75482 13.1471 2 155
-0.0247281 -0.147807 -0.18435 -10.6607 -1.61262 12.5719 2 156
-0.0241283 -0.15555 -0.181042 -10.0256 -0.732918 11.8453 2 157
-0.028024 -0.151028 -0.176728 -10.0271 -1.55359 11.8199 2 158
-0.0240343 -0.163323 -0.186515 -9.38646 0.500443 11.8761 2 159
-0.0280495 -0.158759 -0.175379 -9.39353 -0.615711 11.228 2 160
-0.0124488 -0.146853 -0.198818 -12.6261 -0.75663 13.631 2 161
-0.015332 -0.141927 -0.198109 -12.6253 -1.50322 13.8329 2 162
-0.0182729 -0.137098 -0.197667 -12.6243 -2.24847 14.0349 2 163
-0.0131139 -0.156903 -0.204183 -11.9705 0.607466 13.8468 2 164
-0.0136983 -0.150288 -0.19573 -11.966 -0.532604 13.2064 2 165
-0.0153846 -0.15326 -0.190274 -11.3071 -0.417778 12.5496 2 166
-0.0185763 -0.147784 -0.184196 -11.3062 -1.36812 12.3018 2 167
-0.0220888 -0.143393 -0.184935 -11.3063 -2.01883 12.7005 2 168
-0.0104086 -0.165325 -0.187243 -10.6512 1.09109 11.3002 2 169
-0.0161797 -0.162566 -0.198722 -10.6492 1.04653 12.9819 2 170
-0.0213132 -0.151585 -0.18109 -10.6517 -1.11787 11.9407 2 171
-0.0250688 -0.14708 -0.180181 -10.6517 -1.82522 12.2132 2 172
-0.0172086 -0.16479 -0.189917 -9.99389 0.960983 11.9102 2 173
-0.0202722 -0.167428 -0.181521 -9.3436 0.907705 10.9154 2 174
-0.0107125 -0.153165 -0.207157 -13.0509 0.393225 14.3339 2 175
-0.0133378 -0.13991 -0.19758 -13.0389 -1.62599 13.7618 2 176
-0.0165612 -0.135106 -0.198135 -13.0387 -2.35611 14.0767 2 177
-0.0179339 -0.137971 -0.190608 -12.348 -2.28717 13.265 2 178
-0.007639 -0.16456 -0.183163 -10.9787 0.90589 10.7595 2 179
-0.0229706 -0.145415 -0.178052 -10.9787 -1.99777 11.993 2 180
-0.014636 -0.164255 -0.187436 -10.2948 0.856766 11.5757 2 181
-0.02553 -0.166383 -0.18327 -8.9289 0.752659 11.3563 2 182
-0.0597065 -0.147016 -0.170856 -7.56999 -3.04478 12.5463 2 183
-0.0091166 -0.1519 -0.204677 -13.1451 0.223446 14.0131 2 184
-0.01316 -0.138763 -0.196923 -13.135 -1.75066 13.7136 2 185
-0.0163767 -0.133238 -0.195931 -13.1331 -2.58946 13.8768 2 186
-0.0099734 -0.157709 -0.194502 -11.6973 0.464228 12.5574 2 187
-0.0126012 -0.151015 -0.18533 -11.6942 -0.711084 12.0012 2 188
-0.0119998 -0.161393 -0.19215 -10.9788 0.746336 12.1811 2 189
-0.0200301 -0.149502 -0.173645 -10.9787 -1.52638 11.2227 2 190
-0.0187169 -0.167663 -0.173782 -9.5556 0.631741 10.0132 2 191
-0.0325127 -0.153475 -0.165515 -9.55741 -1.73028 10.7813 2 192
-0.0230637 -0.171303 -0.172152 -8.84561 0.925642 9.67543 2 193
-0.0046639 -0.152016 -0.198518 -13.2407 0.229275 13.0371 2 194
-0.0073323 -0.145364 -0.195011 -13.2365 -0.742849 13.0142 2 195
-0.0077609 -0.1604 -0.195023 -11.7317 0.881765 12.3742 2 196
-0.0105774 -0.153833 -0.187739 -11.7292 -0.240278 12.0318 2 197
-0.0056221 -0.1674 -0.176809 -10.9787 1.03082 9.66668 2 198
-0.0093013 -0.162581 -0.179113 -10.9787 0.479353 10.5121 2 199
-0.0095274 -0.171473 -0.173336 -10.2346 1.25363 9.13849 2 200
-0.0138972 -0.166645 -0.171462 -10.2343 0.516109 9.5881 2 201
-0.0179237 -0.17074 -0.170018 -9.49085 0.841736 9.27325 2 202
-0.041269 -0.155421 -0.159838 -8.74772 -1.91516 10.4751 2 203
-0.0072344 -0.150383 -0.205463 -13.7667 0.221199 14.1104 2 204
-0.0067356 -0.139035 -0.191482 -13.7441 -1.41653 12.7535 2 205
-0.0020978 -0.158521 -0.198643 -12.9618 1.04935 12.6224 2 206
-0.0080837 -0.144519 -0.189533 -12.9532 -1.04688 12.4638 2 207
-0.01203 -0.137524 -0.18467 -12.9487 -2.09634 12.3641 2 208
-0.0016659 -0.160164 -0.184754 -12.1596 0.700861 10.8206 2 209
-0.0052642 -0.164157 -0.17526 -11.3706 0.6465 9.65267 2 210
-0.0093418 -0.168814 -0.170477 -10.5878 0.83559 9.00224 2 211
-0.0368896 -0.157199 -0.159349 -9.02405 -1.6208 10.1427 2 212
-0.0516067 -0.157483 -0.145583 -8.25398 -2.4542 9.41381 2 213
-0.0563397 -0.152401 -0.143431 -8.25412 -3.27266 9.7832 2 214
-0.0076566 -0.142821 -0.184817 -13.0127 -1.31099 11.9625 2 215
-0.0121654 -0.135859 -0.180445 -13.0089 -2.34704 11.9574 2 216
-0.001567 -0.159653 -0.180698 -12.1955 0.514509 10.3251 2 217
-0.0061344 -0.156054 -0.191625 -12.2035 0.325489 12.1268 2 218
-0.0082741 -0.159456 -0.181002 -11.385 0.245094 10.8518 2 219
-0.0250792 -0.173518 -0.160763 -8.96647 0.579622 8.30102 2 220
-0.0380801 -0.157328 -0.157432 -8.96144 -1.70254 10.0016 2 221
-0.0300348 -0.17729 -0.161192 -8.16192 0.988331 8.07981 2 222
-0.0369152 -0.172953 -0.154739 -8.16512 0.0317936 8.23189 2 223
-0.0558527 -0.158444 -0.138863 -8.17184 -2.72132 8.90474 2 224
-0.0587563 -0.152678 -0.140593 -8.16766 -3.41567 9.61093 2 225
-0.0056062 -0.146582 -0.188319 -13.0377 -0.732439 12.1036 2 226
-0.0036539 -0.158487 -0.189678 -12.2149 0.624035 11.6295 2 227
-0.0090117 -0.14989 -0.172973 -12.2055 -0.993748 10.4187 2 228
-0.0388191 -0.156454 -0.143209 -9.7634 -2.34693 8.62498 2 229
-0.0434638 -0.150742 -0.140804 -9.76343 -3.19077 9.02546 2 230
-0.0405863 -0.161098 -0.147789 -8.94906 -1.71494 8.87464 2 231
-0.0510638 -0.157115 -0.13586 -8.95631 -2.91439 8.50943 2 232
-0.0064042 -0.143669 -0.175882 -13.0431 -1.35143 10.7799 2 233
-0.0110415 -0.172691 -0.163303 -10.569 0.887304 7.74631 2 234
-0.0184728 -0.167594 -0.155547 -10.5697 -0.147488 7.77369 2 235
-0.0364686 -0.150738 -0.141108 -10.5704 -2.8982 8.56447 2 236
-0.0423057 -0.15727 -0.13784 -9.7552 -2.55763 8.18091 2 237
-0.0469955 -0.151602 -0.135524 -9.755 -3.39631 8.60654 2 238
-0.0582472 -0.152334 -0.129889 -8.94085 -3.89759 8.63995 2 239
0.0107649 -0.162216 -0.180478 -13.9453 1.31721 8.43113 2 240
0.0096703 -0.16835 -0.179353 -13.0974 1.74964 8.2021 2 241
0.0055545 -0.162125 -0.176417 -13.0986 0.918333 8.72999 2 242
-0.0169704 -0.142347 -0.160715 -12.2485 -2.34788 9.8278 2 243
-0.0341859 -0.157178 -0.140271 -10.5585 -2.1925 7.85221 2 244
-0.0450319 -0.169338 -0.138007 -8.87953 -1.38685 7.29121 2 245
-0.0126633 -0.142955 -0.161178 -12.7565 -2.0167 9.44007 2 246
-0.0031343 -0.156966 -0.165696 -12.8034 -0.213732 8.35847 2 247
-0.0044906 -0.150433 -0.170953 -12.8111 -0.744421 9.70267 2 248
-0.0134843 -0.142511 -0.159076 -12.8033 -2.12658 9.23664 2 249
-0.0174937 -0.137841 -0.154682 -12.9123 -2.80834 9.168 2 250
-0.0150023 -0.145248 -0.152469 -12.9705 -2.02984 8.20044 2 251
